A,C,D,E,F,G,H,I,K,L,M,N,P,Q,R,S,T,V,W,Y,ID,Type
9.42,0,7.97,9.42,0.72,7.25,2.17,5.07,4.35,17.39,4.35,2.9,5.07,2.17,2.9,6.52,4.35,7.25,0,0.72,D1001,DNA
17.46,1.59,0,7.94,0,1.59,6.35,3.17,6.35,7.94,1.59,4.76,3.17,7.94,9.52,7.94,4.76,4.76,1.59,1.59,D1005,DNA
6.9,6.9,6.9,3.45,3.45,3.45,6.9,6.9,0,3.45,0,0,6.9,0,20.69,10.34,6.9,3.45,0,3.45,D1008,DNA
5.43,2.17,2.72,6.52,2.72,8.7,3.26,4.35,8.15,9.24,2.72,2.17,7.61,5.98,7.07,8.15,3.8,7.07,0,2.17,D1010,DNA
6.17,4.94,2.47,3.09,2.47,11.73,6.79,3.7,2.47,8.64,0,6.17,8.02,4.94,4.32,3.09,6.79,8.64,3.09,2.47,D1015,DNA
13.27,2.04,4.08,8.16,3.06,3.06,1.02,7.14,7.14,13.27,1.02,3.06,3.06,1.02,13.27,4.08,3.06,6.12,0,3.06,D1019,DNA
11.58,0,3.16,11.58,1.05,5.26,0,5.26,10.53,10.53,0,2.11,3.16,1.05,9.47,4.21,5.26,11.58,0,4.21,D1022,DNA
6.06,0,7.58,10.61,3.03,7.58,0,1.52,21.21,4.55,4.55,1.52,1.52,0,6.06,4.55,4.55,10.61,1.52,3.03,D1025,DNA
6.8,2.72,4.08,4.08,5.44,11.56,2.04,4.08,4.76,9.52,2.04,2.72,8.16,2.72,6.8,4.76,6.8,7.48,1.36,2.04,D1028,DNA
3.76,1.08,6.45,8.6,2.15,3.23,1.08,4.3,7.53,12.37,4.84,4.3,2.15,13.44,6.45,4.84,4.3,6.45,1.08,1.61,D1032,DNA
4.33,2.76,3.54,5.91,4.33,6.3,1.97,5.91,7.48,10.24,2.76,7.09,4.33,3.94,3.54,5.91,7.09,7.87,2.76,1.97,D1037,DNA
5.67,1.42,2.84,9.22,5.67,6.38,0.71,8.51,7.09,7.09,2.84,2.84,7.8,3.55,2.84,8.51,6.38,4.26,1.42,4.96,D1043,DNA
1.85,0,5.56,9.26,1.85,5.56,5.56,9.26,7.41,11.11,1.85,1.85,1.85,3.7,5.56,14.81,3.7,1.85,3.7,3.7,D1047,DNA
3.23,0,1.61,9.68,6.45,3.23,3.23,3.23,8.06,9.68,4.84,4.84,6.45,6.45,8.06,4.84,8.06,1.61,0,6.45,D1049,DNA
3.7,1.23,1.23,7.41,7.41,7.41,1.23,9.88,7.41,11.11,2.47,2.47,6.17,2.47,6.17,4.94,2.47,9.88,0,4.94,D1052,DNA
5.97,0,5.97,5.97,1.49,5.97,1.49,7.46,13.43,16.42,0,2.99,0,4.48,5.97,7.46,5.97,5.97,1.49,1.49,D1055,DNA
7.32,1.22,4.88,7.32,2.44,4.88,2.44,6.1,10.98,7.32,3.66,8.54,1.22,2.44,6.1,7.32,3.66,7.32,1.22,3.66,D1058,DNA
5.75,0.38,6.9,6.13,4.21,8.05,1.92,8.81,7.28,9.58,2.3,6.9,2.3,2.68,4.98,8.43,3.45,6.13,0.77,3.07,D1061,DNA
5.58,0.51,5.58,8.12,5.58,7.61,2.54,5.58,8.12,9.64,0.51,6.09,4.57,3.55,4.57,3.55,4.57,6.09,3.05,4.57,D1067,DNA
5.78,1.73,6.36,8.09,4.62,7.51,2.31,4.62,2.89,9.83,3.47,2.31,6.36,5.78,5.78,2.89,8.09,5.2,0.58,5.78,D1072,DNA
4.88,14.63,2.44,7.32,0,0,0,2.44,24.39,7.32,0,4.88,7.32,2.44,7.32,7.32,2.44,0,2.44,2.44,D1076,DNA
8.46,0.94,6.27,8.15,3.76,5.33,1.57,8.46,9.4,10.66,1.25,5.33,3.45,3.13,3.76,5.64,6.27,2.51,1.88,3.76,D1078,DNA
5.86,1.85,5.56,4.94,5.86,7.41,2.47,8.95,8.64,7.41,1.85,6.79,5.25,4.01,4.94,5.56,2.16,4.63,1.23,4.63,D1085,DNA
3.59,0,8.52,5.83,4.48,4.04,2.24,8.97,8.07,7.62,2.24,6.73,4.48,3.14,4.93,5.38,8.07,6.73,0.9,4.04,D1092,DNA
3.01,0.33,7.36,5.35,3.68,7.36,1,7.69,6.02,10.37,3.01,5.69,7.02,4.68,5.35,6.35,4.68,5.35,1,4.68,D1097,DNA
5.26,0,1.32,5.26,2.63,7.89,3.95,2.63,5.26,14.47,1.32,5.26,2.63,3.95,9.21,7.89,6.58,5.26,1.32,7.89,D1103,DNA
1.33,12,4,4,5.33,6.67,2.67,4,9.33,1.33,2.67,6.67,1.33,5.33,9.33,8,2.67,8,0,5.33,D1106,DNA
9.8,1.31,6.54,9.15,3.92,7.19,0.65,5.88,1.31,12.42,2.61,2.61,3.27,6.54,10.46,5.23,6.54,1.31,1.31,1.96,D1109,DNA
5.33,0,5.33,10.67,8,6.67,0,2.67,10.67,14.67,2.67,5.33,2.67,5.33,4,6.67,5.33,1.33,1.33,1.33,D1113,DNA
8.85,0.66,4.59,6.23,2.62,2.62,5.57,5.25,6.23,12.79,0.33,4.92,5.57,7.21,7.54,3.61,3.93,7.54,1.64,2.3,D1116,DNA
4.23,2.82,5.63,5.63,5.63,2.82,0,8.45,12.68,9.86,4.23,4.23,0,4.23,7.04,5.63,7.04,4.23,0,5.63,D1123,DNA
9.35,1.87,4.21,7.01,3.27,9.35,1.4,2.34,2.8,11.68,2.34,1.87,6.07,4.67,10.75,5.14,3.74,7.94,1.4,2.8,D1126,DNA
9.45,0,4.73,14.18,1.82,6.55,0.73,1.82,3.27,16.73,0.36,0.36,5.45,2.18,14.91,2.18,3.27,6.91,0.36,4.73,D1131,DNA
14.73,0,3.12,8.48,4.02,8.04,3.12,3.12,2.68,12.95,2.68,1.79,4.46,2.23,7.59,4.02,5.36,8.93,0,2.68,D1137,DNA
13.01,0,3.42,10.27,7.53,8.22,0.68,0.68,2.74,17.81,1.37,1.37,7.53,2.74,8.22,4.11,3.42,3.42,0.68,2.74,D1142,DNA
9.17,0.83,5,10.83,5,9.17,0.83,0.83,3.33,15.83,3.33,0,7.5,5,6.67,0.83,5.83,5.83,0,4.17,D1146,DNA
7.27,1.82,6.36,5.45,2.73,3.64,2.73,1.82,5.45,11.82,4.55,5.45,3.64,4.55,11.82,7.27,1.82,6.36,3.64,1.82,D1149,DNA
11.21,0.93,6.54,4.67,2.8,8.41,1.4,7.01,3.27,8.88,2.8,4.67,1.4,2.8,10.28,7.01,5.61,7.01,1.4,1.87,D1152,DNA
10.14,1.05,5.24,6.64,3.15,5.59,2.45,7.69,3.5,11.19,1.05,7.34,3.5,3.85,6.99,6.99,4.9,5.24,0.7,2.8,D1157,DNA
7.69,0,3.08,9.23,4.62,0,1.54,3.08,3.08,7.69,0,3.08,1.54,10.77,18.46,7.69,10.77,3.08,1.54,3.08,D1163,DNA
6.25,2.34,3.12,5.47,6.25,2.34,1.56,10.16,8.59,9.38,1.56,3.12,4.69,6.25,3.12,8.59,7.81,3.91,1.56,3.91,D1166,DNA
5.19,0.69,3.46,5.88,4.5,4.5,2.42,7.96,8.65,9.34,1.38,6.23,3.11,3.11,5.54,10.03,6.23,4.84,1.38,5.54,D1170,DNA
7.63,0.25,3.56,9.16,5.85,7.89,3.31,2.8,6.62,11.2,1.27,1.27,7.89,1.27,6.87,3.82,4.07,8.65,3.05,3.56,D1176,DNA
4.61,0.66,6.58,4.61,5.26,3.95,1.32,5.92,10.53,12.5,0,3.95,3.29,7.89,3.95,6.58,6.58,7.24,1.32,3.29,D1184,DNA
6.25,0,3.75,8.75,2.5,2.5,3.75,2.5,13.75,6.25,6.25,3.75,6.25,2.5,15,5,3.75,2.5,2.5,2.5,D1188,DNA
5.98,1.09,7.07,3.8,6.52,3.8,4.35,6.52,10.87,6.52,4.35,4.35,5.98,2.72,5.98,4.35,5.98,4.35,1.63,3.8,D1191,DNA
5.97,2.99,5.22,11.94,6.72,6.72,0.75,3.73,4.48,6.72,1.49,2.99,4.48,7.46,11.19,4.48,2.99,5.22,2.24,2.24,D1196,DNA
5.77,0,0,5.77,3.85,7.69,3.85,11.54,7.69,7.69,1.92,3.85,5.77,7.69,11.54,7.69,1.92,1.92,0,3.85,D1200,DNA
6.06,1.52,1.52,9.09,3.03,4.55,0,9.09,9.09,7.58,1.52,4.55,6.06,3.03,15.15,7.58,6.06,3.03,0,1.52,D1202,DNA
9.23,0,6.15,6.15,4.62,7.69,0,7.69,9.23,13.85,1.54,3.08,3.08,3.08,10.77,4.62,3.08,1.54,3.08,1.54,D1205,DNA
5.21,6.25,5.21,2.08,6.25,5.21,3.12,8.33,15.62,1.04,1.04,7.29,1.04,1.04,5.21,12.5,4.17,4.17,2.08,3.12,D1208,DNA
9.68,1.94,6.13,6.94,3.71,5.16,2.74,5.65,5.16,10,1.29,2.9,5.97,5.32,7.9,4.19,4.52,7.1,1.29,2.42,D1211,DNA
8.51,0,2.13,8.51,1.06,2.13,5.32,1.06,8.51,9.57,2.13,4.26,4.26,11.7,5.32,4.26,7.45,8.51,2.13,3.19,D1223,DNA
1.16,0,9.3,6.98,4.65,3.49,4.65,5.81,8.14,8.14,0,4.65,4.65,0,9.3,5.81,8.14,9.3,0,5.81,D1226,DNA
10.07,0,7.38,7.38,6.04,4.03,2.68,4.7,6.04,4.03,2.01,6.04,8.05,2.68,10.07,4.03,6.71,2.01,0.67,5.37,D1229,DNA
8.51,1.06,6.38,7.45,2.13,3.19,4.26,7.45,7.45,9.57,2.13,3.19,2.13,3.19,9.57,8.51,6.38,5.32,0,2.13,D1233,DNA
8.7,1.74,2.61,7.83,3.48,5.22,2.61,4.35,5.22,11.3,4.35,4.35,4.35,5.22,5.22,6.09,8.7,4.35,0.87,3.48,D1236,DNA
1.75,1.75,5.26,5.26,0,7.02,0,5.26,14.04,12.28,0,3.51,7.02,8.77,3.51,7.02,3.51,10.53,1.75,1.75,D1239,DNA
9.47,0.59,5.33,4.14,5.33,2.37,2.37,6.51,5.92,7.69,0,5.33,2.96,6.51,5.33,10.06,6.51,5.33,1.18,7.1,D1241,DNA
7.26,0,6.45,5.65,3.23,2.42,3.23,6.45,11.29,10.48,0.81,3.23,0.81,5.65,3.23,9.68,6.45,9.68,0,4.03,D1245,DNA
7.78,0,8.98,4.19,5.39,4.19,2.4,2.4,11.38,10.78,0,6.59,1.2,4.79,3.59,7.19,6.59,7.78,0.6,4.19,D1249,DNA
8.33,0.46,6.02,6.02,8.33,4.17,2.31,4.63,10.19,7.41,0,7.41,3.24,3.7,3.24,6.48,5.56,8.8,0.46,3.24,D1253,DNA
4.63,0.71,4.63,8.54,4.98,3.56,1.07,4.63,9.25,14.23,2.49,2.85,8.19,3.91,5.69,4.98,5.34,6.76,0,3.56,D1258,DNA
7.24,1.97,6.58,5.92,4.61,2.3,2.63,6.25,9.54,9.87,2.3,3.29,5.59,5.26,4.93,6.25,4.61,6.58,0.99,3.29,D1264,DNA
5,0.91,10,6.36,6.36,5.45,2.27,6.36,8.18,10,3.18,3.64,1.82,4.55,5.91,9.55,2.73,5,0.45,2.27,D1271,DNA
2.97,1.27,8.05,7.63,7.2,8.47,2.54,8.9,7.63,9.75,2.97,2.12,3.81,5.51,2.97,8.47,3.39,5.51,0,0.85,D1276,DNA
8.89,2.96,2.22,13.33,2.22,2.22,1.48,7.41,7.41,11.11,0.74,5.19,2.96,8.15,5.93,6.67,3.7,5.93,0.74,0.74,D1281,DNA
3.96,0,3.96,9.9,3.96,3.96,1.98,11.88,10.89,6.93,0.99,1.98,2.97,0.99,11.88,7.92,3.96,7.92,0,3.96,D1285,DNA
8.33,0.42,6.25,9.17,3.33,5.42,0,10.42,11.25,8.33,2.08,4.58,3.33,1.25,5,4.58,2.5,9.17,0,4.58,D1288,DNA
11.24,0,5.62,4.49,4.49,7.87,2.25,2.25,3.37,19.1,0,5.62,5.62,4.49,7.87,2.25,3.37,6.74,1.12,2.25,D1293,DNA
6.45,0,4.84,6.45,3.23,4.84,4.03,4.03,4.84,12.9,0.81,2.42,5.65,7.26,6.45,4.03,10.48,6.45,1.61,3.23,D1296,DNA
2.5,10,2.5,7.5,10,7.5,5,5,5,5,0,0,7.5,2.5,10,7.5,5,2.5,2.5,2.5,D1300,DNA
12.5,0,8.33,11.11,0,0,0,1.39,22.22,8.33,5.56,2.78,0,6.94,5.56,4.17,4.17,6.94,0,0,D1302,DNA
7.2,1.89,6.44,8.33,3.79,3.79,1.52,5.68,10.23,9.09,1.52,5.68,3.79,4.92,6.82,3.03,4.55,5.3,1.89,4.17,D1305,DNA
1.67,0,1.67,8.33,3.33,3.33,1.67,8.33,11.67,8.33,1.67,11.67,1.67,1.67,11.67,6.67,8.33,3.33,3.33,1.67,D1311,DNA
11.28,0,8.21,8.72,3.08,5.13,2.05,7.18,6.67,13.33,2.05,4.1,3.08,3.08,3.59,4.1,4.62,4.1,1.54,4.1,D1313,DNA
13.85,0,6.15,7.69,1.54,3.08,1.54,6.15,10.77,9.23,3.08,1.54,1.54,0,10.77,3.08,4.62,9.23,3.08,3.08,D1318,DNA
11.31,0.6,8.33,4.76,5.95,5.36,5.95,8.93,5.36,5.95,1.79,1.19,2.98,2.98,6.55,5.36,8.93,2.98,1.79,2.98,D1321,DNA
7.14,7.14,10.71,7.14,7.14,3.57,7.14,10.71,10.71,0,0,0,3.57,3.57,17.86,3.57,0,0,0,0,D1325,DNA
12.64,0,2.3,11.49,2.3,6.9,0,5.75,8.05,11.49,3.45,5.75,2.3,4.6,3.45,8.05,1.15,5.75,0,4.6,D1327,DNA
11.05,3.16,3.68,5.79,3.68,7.37,3.16,4.74,3.16,11.05,1.58,2.63,5.79,6.32,5.79,6.84,3.16,5.26,2.63,3.16,D1330,DNA
7.09,1.57,4.72,6.3,3.15,5.51,4.72,0.79,2.36,11.81,0,0,5.51,9.45,7.87,9.45,6.3,7.09,3.94,2.36,D1335,DNA
9.68,0,3.23,8.06,1.61,1.61,0,4.84,6.45,11.29,1.61,8.06,3.23,3.23,17.74,6.45,8.06,3.23,0,1.61,D1339,DNA
3.63,1.32,7.59,5.61,5.28,4.62,2.97,5.61,7.26,8.25,0.99,4.29,6.27,3.96,5.94,8.25,5.61,7.59,0.33,4.62,D1342,DNA
11.81,0.42,4.22,7.38,2.11,6.96,2.32,4.43,7.38,11.18,2.11,2.32,3.59,4.64,7.59,7.59,4.01,5.06,2.74,2.11,D1349,DNA
6.52,0,6.52,17.39,2.17,2.17,0,8.7,6.52,6.52,0,8.7,0,6.52,4.35,4.35,4.35,10.87,2.17,2.17,D1358,DNA
8,0,10,8,2,6,0,6,4,14,2,2,0,0,8,8,8,8,0,6,D1360,DNA
5.08,3.39,10.17,10.17,1.69,5.08,0,3.39,8.47,8.47,1.69,5.08,1.69,3.39,5.08,3.39,6.78,8.47,3.39,5.08,D1362,DNA
2.99,4.48,10.45,1.49,2.99,5.97,1.49,4.48,8.96,4.48,0,7.46,0,5.97,2.99,13.43,7.46,11.94,1.49,1.49,D1364,DNA
13.68,1.05,4.21,3.16,5.26,5.26,1.05,8.42,9.47,7.37,2.11,3.16,3.16,2.11,7.37,5.26,8.42,7.37,0,2.11,D1367,DNA
4.43,4.43,6.33,4.43,3.8,5.06,4.43,4.43,8.86,5.7,1.27,6.33,5.7,4.43,9.49,7.59,3.8,4.43,3.16,1.9,D1370,DNA
4.9,2.86,2.86,7.35,5.31,7.76,3.27,3.27,6.12,11.02,2.04,4.49,7.35,4.9,4.9,5.31,3.27,9.39,1.63,2.04,D1374,DNA
3.81,7.62,6.67,2.86,5.71,2.86,2.86,3.81,14.29,8.57,1.9,6.67,5.71,2.86,4.76,1.9,8.57,5.71,0.95,1.9,D1380,DNA
12.29,0,6.83,8.19,2.05,7.85,2.73,5.12,6.83,8.87,1.37,2.39,1.02,6.14,8.87,6.14,4.78,4.1,1.37,3.07,D1383,DNA
3.17,3.97,3.17,8.73,2.38,4.76,4.76,3.97,11.9,10.32,1.59,3.97,4.76,4.76,6.35,3.17,5.56,7.14,3.17,2.38,D1389,DNA
0.97,0.97,4.85,7.77,4.85,4.85,2.91,4.85,7.77,3.88,3.88,4.85,5.83,8.74,4.85,4.85,8.74,9.71,0.97,3.88,D1393,DNA
5.46,1.09,2.19,7.65,1.64,7.65,4.92,7.65,6.01,7.65,1.09,3.83,6.56,3.83,7.65,7.65,7.1,7.1,0.55,2.73,D1396,DNA
4.07,2.44,1.63,7.32,1.63,9.76,0.81,11.38,4.07,5.69,1.63,4.88,6.5,3.25,12.2,9.76,2.44,8.13,0.81,1.63,D1401,DNA
13.7,0,6.85,10.96,1.37,5.48,0,2.74,15.07,5.48,2.74,4.11,4.11,0,8.22,6.85,1.37,4.11,4.11,2.74,D1405,DNA
14.62,0,4.62,10.77,2.31,10.77,0.77,0,3.08,16.92,1.54,1.54,9.23,0,9.23,3.08,2.31,3.85,3.08,2.31,D1408,DNA
6.3,0.79,6.3,6.3,3.15,2.36,3.94,9.45,5.51,6.3,3.94,4.72,4.72,3.15,3.15,6.3,8.66,12.6,0.79,1.57,D1412,DNA
4.39,1.75,7.02,7.89,6.14,8.77,2.63,8.77,6.14,8.77,4.39,2.63,6.14,2.63,3.51,4.39,4.39,7.02,0,2.63,D1416,DNA
1.76,1.18,7.06,4.12,4.12,5.29,1.76,5.88,7.06,13.53,1.18,4.71,4.71,8.82,4.12,8.24,7.65,4.12,2.35,2.35,D1419,DNA
7.52,0.75,5.26,9.02,5.26,5.26,3.76,6.02,3.76,11.28,2.26,0.75,6.77,1.5,12.78,3.01,5.26,6.77,0.75,2.26,D1423,DNA
7.89,0,8.77,12.28,4.39,5.26,0.88,7.02,8.77,9.65,0,3.51,3.51,3.51,7.02,0.88,7.89,7.89,0.88,0,D1427,DNA
5.93,0,6.78,10.17,3.39,1.69,0.85,6.78,10.17,11.86,3.39,0.85,3.39,5.08,5.08,7.63,4.24,3.39,0,9.32,D1430,DNA
5.1,0.64,3.82,9.55,5.1,3.82,1.91,12.1,6.37,6.37,1.91,4.46,5.1,3.82,3.82,7.01,7.01,5.1,0,7.01,D1433,DNA
7.75,0.78,6.2,7.75,6.2,6.2,3.1,7.75,6.2,7.75,0.78,1.55,5.43,4.65,5.43,9.3,2.33,4.65,0.78,5.43,D1437,DNA
0.97,1.94,3.88,5.83,5.83,2.91,0.97,8.74,5.83,6.8,2.91,3.88,4.85,6.8,12.62,7.77,6.8,3.88,0.97,5.83,D1441,DNA
3.64,0,3.64,9.09,3.64,1.82,1.82,1.82,3.64,9.09,1.82,3.64,9.09,3.64,18.18,5.45,3.64,9.09,3.64,3.64,D1444,DNA
7.87,0.79,4.72,11.81,3.94,7.09,3.15,1.57,4.72,11.02,0.79,0.79,6.3,4.72,5.51,4.72,3.15,11.02,3.15,3.15,D1446,DNA
6.67,0.95,7.62,12.38,6.67,4.76,1.9,8.57,9.52,9.52,0,4.76,2.86,0.95,6.67,0.95,3.81,7.62,0,3.81,D1450,DNA
10.14,0,6.91,9.22,4.15,7.83,0.46,7.37,7.83,7.83,1.84,2.3,4.61,3.23,5.99,5.99,2.76,6.45,0.46,4.61,D1453,DNA
11.25,1.25,2.5,7.5,1.25,6.25,6.25,10,11.25,10,1.25,3.75,2.5,2.5,3.75,6.25,3.75,3.75,1.25,3.75,D1458,DNA
7.02,0,3.51,7.02,5.26,7.02,1.75,5.26,3.51,10.53,1.75,1.75,1.75,10.53,3.51,12.28,7.02,3.51,3.51,3.51,D1461,DNA
7.37,3.16,4.74,6.32,3.68,8.95,3.16,2.63,3.68,10.53,1.58,2.11,5.26,4.21,10.53,6.32,5.79,6.84,0.53,2.63,D1463,DNA
7.95,0,3.41,4.55,2.27,10.23,2.27,6.82,9.09,7.95,1.14,2.27,1.14,2.27,14.77,1.14,7.95,10.23,0,4.55,D1468,DNA
4.2,0.76,8.4,5.73,3.82,6.11,2.29,8.02,9.92,10.31,0.76,3.82,3.05,3.82,5.73,8.02,6.49,4.58,0.76,3.44,D1471,DNA
2.86,2.86,4.29,4.29,2.86,0,0,5.71,15.71,10,1.43,12.86,4.29,4.29,1.43,7.14,7.14,7.14,1.43,4.29,D1477,DNA
5.41,1.35,5.41,8.11,1.35,2.7,1.35,4.05,8.11,9.46,2.7,4.05,1.35,10.81,14.86,10.81,2.7,4.05,0,1.35,D1480,DNA
4.1,0.41,5.74,6.56,4.1,6.15,2.05,10.66,9.43,5.74,0,8.2,3.69,2.46,4.51,6.15,6.15,4.1,1.64,8.2,D1483,DNA
1.74,4.35,3.48,6.96,4.35,3.48,3.48,5.22,8.7,10.43,4.35,5.22,4.35,3.48,6.96,9.57,3.48,7.83,0,2.61,D1489,DNA
3.92,1.96,5.88,3.92,0,3.92,3.92,3.92,5.88,11.76,3.92,1.96,3.92,1.96,11.76,15.69,3.92,7.84,0,3.92,D1492,DNA
3.41,0,4.55,11.36,2.27,5.68,3.41,11.36,11.36,14.77,0,2.27,4.55,3.41,2.27,6.82,4.55,3.41,1.14,3.41,D1494,DNA
5.88,0.98,7.84,9.8,4.41,6.86,2.94,3.43,5.88,11.76,3.43,3.92,2.94,1.47,3.92,5.39,4.41,6.86,1.96,5.88,D1497,DNA
9.72,1.62,4.86,8.7,3.04,9.11,3.44,5.87,7.89,7.49,1.42,2.83,4.86,4.45,5.87,2.63,4.66,6.07,2.83,2.63,D1502,DNA
4.2,1.68,5.04,8.4,5.88,7.56,3.36,2.52,3.36,5.04,1.68,3.36,6.72,2.52,5.88,10.08,6.72,11.76,1.68,2.52,D1512,DNA
6.49,2.7,7.57,4.32,4.86,5.95,1.62,7.57,11.35,5.41,1.62,3.24,3.78,7.57,4.32,8.11,3.78,3.78,0.54,5.41,D1515,DNA
8.07,3.11,6.21,4.35,4.35,4.97,4.97,7.45,4.97,8.7,0.62,3.73,1.24,5.59,5.59,7.45,6.21,8.07,1.24,3.11,D1520,DNA
0.95,0.95,4.76,6.67,2.86,12.38,5.71,5.71,11.43,5.71,1.9,6.67,0.95,4.76,3.81,4.76,5.71,7.62,1.9,4.76,D1524,DNA
4.35,2.9,2.9,5.8,1.45,8.7,4.35,10.14,14.49,7.25,0,4.35,4.35,4.35,4.35,4.35,5.8,5.8,0,4.35,D1527,DNA
16.47,0.59,7.65,9.41,4.12,4.71,1.76,2.35,7.06,10.59,2.35,1.76,4.71,1.76,5.88,1.76,2.35,10.59,1.76,2.35,D1530,DNA
7.35,0.25,4.66,10.05,3.43,4.17,2.21,6.62,6.37,11.52,2.7,3.92,3.68,5.88,6.86,4.66,4.9,6.62,0.49,3.68,D1534,DNA
12,2,4,4,0,2,0,8,8,8,0,8,2,2,18,12,4,6,0,0,D1542,DNA
7.14,7.14,3.57,0,3.57,7.14,14.29,3.57,10.71,3.57,7.14,3.57,7.14,0,7.14,3.57,10.71,0,0,0,D1544,DNA
7.14,7.14,0,10.71,3.57,7.14,10.71,0,10.71,7.14,0,0,0,3.57,7.14,7.14,3.57,14.29,0,0,D1546,DNA
14.29,0,1.79,5.36,1.79,0,5.36,5.36,8.93,1.79,1.79,7.14,1.79,0,7.14,8.93,10.71,14.29,1.79,1.79,D1548,DNA
5.56,16.67,0,5.56,0,5.56,2.78,5.56,8.33,5.56,0,5.56,8.33,2.78,5.56,11.11,2.78,5.56,0,2.78,D1550,DNA
7.06,3.53,3.53,2.35,8.24,7.06,3.53,4.71,4.71,5.88,1.18,5.88,4.71,7.06,7.06,7.06,8.24,4.71,1.18,2.35,D1552,DNA
8.46,1.54,7.69,3.85,4.23,3.46,2.31,4.62,3.46,8.85,1.54,4.62,3.46,3.46,4.62,11.54,5.77,9.62,1.15,5.77,D1555,DNA
0,8.11,0,5.41,5.41,2.7,10.81,2.7,10.81,0,0,5.41,0,0,10.81,8.11,10.81,10.81,0,8.11,D1561,DNA
3.85,7.69,3.85,3.85,11.54,0,7.69,7.69,15.38,0,3.85,3.85,7.69,0,3.85,0,7.69,7.69,0,3.85,D1563,DNA
0,6.25,9.38,15.62,3.12,6.25,12.5,6.25,0,3.12,0,3.12,0,9.38,6.25,9.38,3.12,3.12,3.12,0,D1565,DNA
3.03,6.06,0,9.09,6.06,9.09,9.09,0,6.06,6.06,6.06,0,3.03,3.03,12.12,3.03,3.03,9.09,3.03,3.03,D1567,DNA
6.42,0.92,5.5,5.5,3.67,4.59,3.67,7.34,11.01,5.5,4.59,7.34,8.26,2.75,8.26,2.75,2.75,2.75,5.5,0.92,D1569,DNA
4.49,0,6.41,6.41,2.56,7.69,5.13,10.26,8.33,10.26,1.28,5.77,5.13,3.85,3.21,2.56,3.21,4.49,2.56,6.41,D1572,DNA
13.86,0,0,0,0.99,1.98,2.97,0.99,20.79,3.96,0.99,2.97,3.96,0,26.73,13.86,0.99,4.95,0,0,D1576,DNA
15.13,1.26,5.74,6.3,2.66,6.3,1.82,3.36,1.82,10.92,0.84,1.96,4.76,4.62,8.82,5.46,5.46,9.38,1.12,2.24,D1578,DNA
10.39,0.65,6.17,7.14,4.87,6.17,1.95,5.52,3.9,13.31,4.87,3.25,2.92,2.92,7.79,4.55,4.55,6.17,0.32,2.6,D1580,DNA
4.56,0,7.8,5.52,3.72,3.96,2.64,5.28,5.04,6.96,1.68,14.41,6,3.72,4.68,11.16,7.2,3.12,0.72,1.8,D1582,DNA
12.07,0.57,5.17,9.2,2.3,6.9,0,10.34,7.47,5.75,2.3,3.45,4.02,3.45,7.47,4.6,6.32,6.9,1.15,0.57,D1584,DNA
4.83,0.35,4.01,8.61,3.3,4.48,1.65,12.85,15.57,8.96,1.53,6.84,3.42,2.36,2.36,4.6,6.49,2.95,0.35,4.48,D1586,DNA
12.13,0.33,5.9,5.9,0.66,5.57,3.28,3.93,2.3,13.44,1.97,1.97,4.92,4.26,14.75,6.23,2.62,7.54,1.31,0.98,D1588,DNA
4.18,0.91,7.09,8.73,3.64,3.45,2.18,6.82,7.73,11.45,1.64,6.91,3.64,4.09,4.82,8,4.91,6.09,1.09,2.64,D1590,DNA
15.17,0.93,6.19,5.26,3.41,6.81,2.79,4.02,5.88,11.15,1.24,1.55,4.64,2.48,6.5,4.64,5.88,6.5,2.17,2.79,D1592,DNA
2.27,9.85,0.76,0.76,2.27,8.33,1.52,2.27,11.36,3.03,2.27,3.79,3.79,1.52,31.06,7.58,1.52,1.52,1.52,3.03,D1594,DNA
2.67,3.33,4,12,2.67,2.67,5.33,9.33,10,8,2.67,4,1.33,3.33,7.33,9.33,3.33,5.33,0.67,2.67,D1596,DNA
6.23,0.3,5.93,4.75,3.86,3.86,3.56,12.17,5.93,7.12,1.48,5.64,3.56,4.45,3.26,8.61,8.9,6.53,0,3.86,D1598,DNA
5.6,0.7,6.07,7.93,4.32,4.67,1.98,6.18,9.68,9.45,2.92,5.25,5.02,4.67,5.83,8.98,3.27,5.25,0.93,1.28,D1600,DNA
5.33,2.59,5.52,6.5,2.71,5.84,2.38,3.64,5.64,7.13,2.24,4.07,10.08,7.15,5.09,10.22,5.74,5.62,0.73,1.77,D1602,DNA
6.3,1.73,5.31,6.37,1.92,4.71,2.72,4.38,5.04,9.36,1.86,4.51,6.3,12.08,2.92,11.61,6.57,4.25,0.46,1.59,D1604,DNA
7.26,0.21,6.52,8.33,2.35,3.74,2.03,5.77,8.76,6.2,1.18,7.48,5.66,5.56,3.95,11,7.16,4.91,0.32,1.6,D1606,DNA
8.72,2.01,3.36,8.05,3.69,5.7,1.68,2.68,5.37,11.74,1.34,3.02,9.06,5.03,6.04,6.38,6.38,6.38,0.67,2.68,D1608,DNA
9.04,0.6,6.63,6.02,2.71,7.23,2.71,3.92,2.11,11.14,2.71,1.51,6.02,4.22,9.04,6.02,5.72,8.43,0.9,3.31,D1610,DNA
6.01,0.98,3.07,5.73,1.4,4.19,3.35,3.77,3.49,10.06,2.65,4.19,6.15,17.88,3.63,10.47,5.73,5.17,0.7,1.4,D1612,DNA
4.56,2.28,4.77,8.51,3.73,6.22,1.04,4.56,6.02,8.51,2.07,6.85,5.81,5.6,9.34,8.92,4.98,3.73,0.83,1.66,D1614,DNA
3.88,0.9,7.16,6.27,3.58,7.16,0.6,10.75,8.96,7.46,2.09,8.36,2.09,2.69,3.28,7.16,5.07,8.36,0.6,3.58,D1616,DNA
7.69,1.18,7.69,8.28,4.14,3.55,0.59,7.1,5.33,7.1,4.73,3.55,2.37,2.96,8.88,5.33,5.33,11.24,0,2.96,D1618,DNA
11.03,0,4.14,9.66,4.83,3.45,2.76,5.52,4.83,13.1,3.45,2.76,6.21,4.14,3.45,4.83,6.21,7.59,0,2.07,D1620,DNA
7.18,1.91,7.18,8.13,2.87,8.61,1.44,8.13,5.26,4.78,2.39,1.91,3.83,6.7,2.39,10.05,8.13,4.78,0,4.31,D1622,DNA
6.76,0.68,3.04,6.42,3.04,5.41,3.72,8.78,4.05,11.82,2.7,3.72,4.73,6.08,4.73,8.78,6.76,5.74,0.34,2.7,D1624,DNA
10.45,0,5.83,4.01,1.7,7.05,3.77,4.25,4.98,7.78,2.67,3.52,10.81,7.65,3.65,10.81,6.08,3.52,0.24,1.22,D1626,DNA
5.65,0.28,6.69,7.44,2.64,3.95,1.79,5.74,7.44,7.91,2.17,9.32,4.52,3.2,5.27,11.77,7.91,4.33,0.56,1.41,D1628,DNA
7.39,1.62,4.5,6.49,4.14,9.55,3.42,1.98,3.96,7.57,1.98,1.8,12.25,6.67,5.23,9.37,2.52,4.32,0.9,4.32,D1630,DNA
7.03,7.03,7.03,2.34,3.91,3.12,3.91,2.34,8.59,14.84,2.34,6.25,3.91,2.34,8.59,7.81,3.12,1.56,0,3.91,D1632,DNA
8.55,1.73,4.89,6.21,2.55,4.79,1.73,3.87,5.91,8.86,2.44,5.4,6.31,5.09,5.8,11.61,6.62,5.3,0.51,1.83,D1634,DNA
10.84,0.96,4.36,7.23,2.66,6.91,2.34,5.74,2.66,11.37,1.59,2.55,6.27,4.46,9.78,4.46,5.63,6.16,0.96,3.08,D1636,DNA
6.15,0,7.69,10.77,3.08,7.69,0,1.54,21.54,4.62,3.08,1.54,1.54,0,6.15,4.62,4.62,10.77,1.54,3.08,D1638,DNA
5.78,1.11,7.01,7.68,4.24,6.7,1.78,4.98,11.43,7.44,2.52,5.04,4.3,3.38,4.06,7.31,4.98,6.45,1.11,2.7,D1640,DNA
6.96,1.66,4.47,9.77,2.7,4.26,3.01,3.53,7.38,5.2,2.91,2.91,6.86,5.09,6.86,10.4,6.55,6.86,0.52,2.08,D1642,DNA
8.12,1.94,4,7.27,2.42,5.21,2.79,4.12,4.97,8.48,2.18,3.88,6.55,6.42,5.33,10.06,5.94,5.7,1.09,3.52,D1644,DNA
9.2,4,4,6,2.8,7.6,2.4,3.6,8,9.6,1.6,2.8,4.4,4,6.4,5.2,5.2,7.2,1.2,4.8,D1646,DNA
8.3,1.19,5.53,5.93,3.95,2.77,2.77,3.95,7.91,7.91,2.77,5.14,3.16,11.07,4.74,6.32,5.53,6.32,1.19,3.56,D1648,DNA
5.78,0.34,7.14,11.22,6.8,11.22,2.38,6.46,6.8,2.72,2.04,4.76,3.74,3.4,8.5,4.08,5.78,5.78,0,1.02,D1650,DNA
8.91,1.01,6.48,6.07,4.05,7.49,1.62,7.29,6.48,7.09,3.04,3.44,3.44,3.04,6.48,6.48,5.47,6.28,2.63,3.24,D1652,DNA
7.5,0.62,6.56,5.94,3.12,5.94,3.75,11.25,4.69,6.56,2.5,6.88,2.5,6.56,2.81,5.62,4.38,8.12,0,4.69,D1654,DNA
5.92,0.59,5.33,9.47,5.33,2.37,2.96,7.1,12.43,10.06,2.37,5.33,2.37,6.51,2.96,5.33,6.51,4.14,0,2.96,D1656,DNA
7.51,2.74,4.16,5.89,2.74,5.38,3.45,2.64,4.16,10.56,2.34,2.03,11.47,6.5,5.38,10.05,3.25,5.79,2.23,1.73,D1658,DNA
6.21,0.75,6.42,5.78,2.68,5.46,2.57,5.57,8.99,7.82,2.78,3.96,5.78,4.07,5.14,11.35,6.64,5.25,0.54,2.25,D1660,DNA
5.45,1.31,6.32,6.75,4.79,4.36,0.65,8.93,7.41,9.37,2.18,5.88,4.79,4.79,2.61,8.71,6.32,5.88,0.65,2.83,D1662,DNA
6.15,1.54,3.85,7.69,3.08,4.62,2.31,10,9.23,9.23,2.31,6.92,1.54,9.23,6.15,4.62,3.08,6.15,0,2.31,D1664,DNA
7.16,0.55,5.37,14.33,1.52,3.03,0.96,3.44,11.57,13.5,1.1,4.41,1.38,3.86,5.65,10.74,4.41,5.65,0.14,1.24,D1666,DNA
5.08,2.34,6.09,5.89,4.97,5.08,2.64,6.09,7.41,8.83,3.96,4.26,3.76,3.45,5.28,6.4,6.19,6.5,1.02,4.77,D1668,DNA
3.64,0,5.45,4.09,1.82,6.82,1.36,0.45,5.45,2.27,1.82,0.45,7.73,0.45,24.09,21.82,3.18,5,0,4.09,D1670,DNA
6.51,1.93,4.58,6.75,4.66,5.23,2.89,6.75,7.72,8.28,2.97,5.95,5.14,3.94,4.34,5.39,5.39,5.47,0.88,5.23,D1672,DNA
5.97,2.19,4.48,7.73,3.95,5.09,2.02,5.18,5.53,8.34,2.19,4.39,7.2,5.36,6.67,8.96,5.62,5.53,0.7,2.9,D1674,DNA
9.5,1.36,2.26,9.5,0.9,4.52,3.17,6.79,4.98,15.84,4.07,5.43,4.07,7.24,5.88,2.71,2.71,5.43,0.45,3.17,D1676,DNA
4.46,2.72,4.24,6.09,4.68,5.11,1.63,7.07,7.29,9.14,2.29,7.51,4.57,3.92,5.01,10.77,5.11,4.9,0.44,3.05,D1678,DNA
8.21,0,6.72,5.22,2.99,4.48,0.75,5.97,14.18,5.97,2.24,2.24,3.73,2.99,5.22,12.69,8.21,5.97,0,2.24,D1680,DNA
4.36,1.02,6.1,7.12,5.81,4.22,2.03,7.56,7.27,13.37,1.6,4.51,3.34,3.78,5.09,9.16,4.51,5.81,0.87,2.47,D1682,DNA
8.06,1.29,4.52,5.48,4.52,6.13,2.26,9.35,3.87,10,1.94,4.52,3.87,5.81,5.81,4.52,9.35,4.52,1.29,2.9,D1684,DNA
5.33,0,5.33,10.67,2.67,5.33,1.33,9.33,12,10,2.67,4,2.67,3.33,8,4,4.67,4,0.67,4,D1686,DNA
16.04,1.42,5.66,8.02,1.42,6.6,1.42,4.72,1.42,8.49,2.36,0.94,4.72,2.83,10.85,4.25,5.19,10.85,0.47,2.36,D1688,DNA
9.5,0.79,7.92,6.33,2.9,7.92,0.53,5.01,5.54,8.44,1.58,2.64,3.17,2.11,8.44,7.39,8.44,6.86,1.58,2.9,D1690,DNA
6.11,1.48,5.91,7.49,3.15,7.19,2.27,4.93,12.51,8.77,2.27,3.35,4.73,3.15,3.05,7.88,4.83,6.5,1.38,3.05,D1692,DNA
11.48,0.82,6.56,8.2,0.82,9.84,0.82,4.92,7.38,12.3,2.46,0.82,5.74,1.64,8.2,2.46,4.92,6.56,0.82,3.28,D1694,DNA
5.65,2.91,6.9,8.06,4.16,4.41,4.24,6.07,6.9,6.98,2.08,4.9,3.99,3.33,6.48,5.9,5.24,6.57,1.16,4.07,D1696,DNA
5.77,1.92,8.65,22.12,0.96,7.69,3.85,0.96,7.69,6.73,1.92,1.92,5.77,5.77,1.92,10.58,1.92,3.85,0,0,D1698,DNA
10.4,0,4.8,6.4,0.8,4.8,1.6,4,4,16.8,2.4,4.8,4.8,8,6.4,8,7.2,2.4,1.6,0.8,D1700,DNA
14.43,0.52,8.25,6.7,1.03,5.15,2.06,7.22,4.64,8.76,3.61,3.09,5.15,2.06,11.34,3.61,4.12,6.19,0.52,1.55,D1702,DNA
6.52,4.11,4.82,8.5,3.68,4.39,5.88,3.82,8.07,7.44,1.91,3.33,5.31,4.18,5.74,8.29,4.39,5.24,0.57,3.82,D1704,DNA
7.55,3.12,3.12,8.07,3.65,5.73,2.08,5.73,4.43,14.06,2.08,2.08,4.17,4.95,4.43,9.9,6.77,5.47,0.52,2.08,D1706,DNA
10.06,1.78,4.73,5.92,3.55,4.73,4.14,2.96,3.55,12.43,5.33,4.73,4.73,4.73,5.33,8.28,5.33,5.92,0.59,1.18,D1708,DNA
12.17,1.59,4.76,6.35,1.59,4.23,3.17,5.82,7.41,11.11,3.7,5.29,4.23,5.82,5.29,3.17,4.23,5.29,1.59,3.17,D1710,DNA
6.51,1.49,5.56,7.33,4.61,4.61,2.85,3.39,5.7,7.87,2.99,4.61,6.51,6.92,6.65,10.85,4.48,4.61,0.27,2.17,D1712,DNA
3.61,1.03,7.73,8.25,4.12,3.09,3.09,5.67,5.67,10.82,2.58,1.55,0.52,8.76,8.76,5.67,7.22,6.7,1.55,3.61,D1714,DNA
5.31,0.98,6.15,6.71,7.27,3.5,2.1,7.27,9.23,10.21,1.12,7.27,1.4,6.15,4.48,5.59,5.31,5.59,0.7,3.64,D1716,DNA
4.72,1.86,5.15,5.72,6.29,2.72,2.58,8.3,8.3,11.16,2.15,6.01,3.29,3.29,6.44,7.87,4.72,4.72,1.14,3.58,D1718,DNA
4.11,2.62,5.61,4.86,5.05,3.18,2.06,5.98,5.05,12.52,1.68,6.36,8.6,4.49,4.67,8.6,7.66,4.86,0.56,1.5,D1720,DNA
15.02,0,1.88,4.69,0.94,11.27,0.94,1.41,19.25,5.63,0.94,3.29,6.1,3.76,6.1,6.1,5.16,5.16,0.47,1.88,D1722,DNA
10.23,1.54,3.14,4.82,1.46,4.17,1.97,3,6.87,8.04,2.27,7.02,9.21,5.85,4.09,13.3,7.02,3.95,0.07,1.97,D1724,DNA
4.26,1.55,5.22,5.8,3.09,3.48,3.09,3.68,5.03,8.32,1.74,7.54,7.16,3.68,5.03,17.41,4.84,4.45,0.77,3.87,D1726,DNA
20.88,1.16,7.7,4.39,1.69,10.94,1.31,0.85,0.62,7.7,0.85,0.85,12.4,1.46,10.71,5.86,2.7,4.85,1.62,1.46,D1728,DNA
8.93,0,1.15,4.61,0.58,10.66,1.44,6.63,2.59,4.32,3.46,2.59,5.76,18.73,3.75,5.19,7.78,10.37,0,1.44,D1730,DNA
6.64,1.66,5.65,6.64,4.98,5.65,2.33,4.32,3.32,10.63,2.66,2.99,3.65,7.97,8.31,6.98,5.32,5.98,1.99,2.33,D1732,DNA
4.97,0.52,3.14,7.85,2.62,4.71,2.62,4.19,4.97,7.59,1.57,10.47,4.97,7.59,4.97,11.26,6.02,5.76,1.05,3.14,D1734,DNA
4.31,0.48,5.43,7.99,5.59,3.99,1.76,11.66,10.54,9.27,1.12,7.03,2.4,1.6,3.67,8.15,3.51,6.55,0,4.95,D1736,DNA
12.5,2.21,4.41,8.09,1.47,12.5,1.1,0.74,6.25,8.09,2.21,2.21,5.88,7.72,4.41,8.82,4.78,4.78,0.37,1.47,D1738,DNA
8.75,2.56,3,3.98,4.15,6.63,3,2.03,3.53,12.99,1.06,1.86,7.69,4.15,11.04,6.63,5.12,7.77,1.59,2.47,D1740,DNA
3.12,2.08,6.49,8.57,3.9,3.38,1.04,7.53,10.39,6.75,3.64,11.17,1.04,3.12,1.82,9.09,4.16,6.49,0.52,5.71,D1742,DNA
5.59,2.23,5.03,5.59,3.91,6.15,0.56,7.82,5.59,7.26,3.35,7.82,3.35,3.91,7.26,7.26,3.91,7.26,1.12,5.03,D1744,DNA
14.21,1.11,4.18,5.85,2.79,11.42,3.9,2.23,4.18,7.8,1.39,2.51,14.48,4.46,5.85,5.57,2.51,3.34,0,2.23,D1746,DNA
3.53,1.96,5.69,8.43,3.4,2.88,2.22,6.8,11.57,7.84,2.22,6.14,3.46,4.77,4.84,11.18,5.36,4.97,0.98,1.76,D1748,DNA
5.65,3.19,9.09,10.81,3.69,4.42,1.72,4.18,10.81,6.63,3.19,3.44,2.46,4.42,7.62,6.88,3.69,5.65,0.25,2.21,D1750,DNA
10.92,1.68,5.88,0,5.04,8.4,1.68,6.72,4.2,10.92,2.52,1.68,5.04,7.56,7.56,5.04,4.2,9.24,1.68,0,D1752,DNA
7.92,1.65,4.62,7.92,5.61,3.96,2.97,6.93,2.64,13.2,1.98,3.96,3.96,5.94,7.26,8.58,2.64,4.62,1.32,2.31,D1754,DNA
3.16,1.58,4.74,5.79,5.53,6.84,2.37,7.63,7.11,10.79,1.84,4.74,4.47,4.21,6.05,4.74,5.26,6.32,1.84,5,D1756,DNA
4.09,0.72,5.73,9.11,3.79,4.2,1.33,8.9,9.72,8.29,2.15,6.65,3.89,3.58,4.2,9.42,4.81,6.04,0.92,2.46,D1758,DNA
4.6,0.42,6.28,9.21,2.51,5.44,1.26,9.21,9.62,14.64,2.93,5.86,2.51,2.09,6.28,4.18,4.18,4.6,0.84,3.35,D1760,DNA
6.81,2.97,4.22,6.9,4.12,5.75,3.16,5.37,6.33,9.78,1.63,3.84,4.99,4.31,6.04,7,5.18,7.38,1.53,2.68,D1762,DNA
6.33,0.67,6.33,9.67,6.67,4,1.33,4.33,7.67,7,1,3.33,8,2.67,4.67,11.33,5.33,6.33,2.33,1,D1764,DNA
6.23,1.96,5.07,4.57,5.07,3.41,2.75,5.58,5.51,9.93,2.61,7.54,6.3,3.7,4.64,11.16,6.16,4.2,1.01,2.61,D1766,DNA
7,0.58,6.12,7.29,4.08,5.25,1.17,6.71,8.16,9.04,1.75,4.08,2.92,5.54,7.87,9.91,5.25,5.83,0.29,1.17,D1768,DNA
7.37,1.42,3.68,2.83,3.97,7.93,2.55,5.67,5.38,7.37,5.1,2.55,8.78,10.2,3.97,9.92,3.68,5.38,0,2.27,D1770,DNA
13.71,1.61,4.44,6.85,3.63,6.05,1.61,3.63,1.21,10.48,2.02,1.61,3.63,3.63,10.48,8.87,4.84,8.87,1.21,1.61,D1772,DNA
6.13,2.7,4.5,8.47,3.24,3.78,2.34,5.05,6.67,9.19,1.98,7.39,5.05,5.05,5.59,7.57,5.05,5.05,1.26,3.96,D1774,DNA
6.45,0,5.81,8.39,4.52,5.81,0,9.03,9.68,12.26,1.94,3.87,1.94,1.29,7.74,5.81,3.87,9.68,0,1.94,D1776,DNA
18.25,1.5,2.75,3.5,2.25,7.5,2,4.25,0.75,14,3,1,4.5,3.75,8.75,6.75,7,5.25,1,2.25,D1778,DNA
11.81,1.06,8.83,7.34,1.91,4.36,1.91,2.66,4.04,8.3,1.28,1.49,8.19,4.15,7.55,11.91,6.28,4.68,1.06,1.17,D1780,DNA
7.95,1.14,2.27,5.68,3.41,7.95,2.27,4.55,3.41,9.09,4.55,1.14,10.23,3.41,7.95,7.95,4.55,7.95,2.27,2.27,D1782,DNA
6.42,2.75,3.67,9.17,4.59,0.92,0,9.17,11.01,8.26,3.67,8.26,2.75,1.83,6.42,4.59,6.42,5.5,0,4.59,D1784,DNA
7.96,1.22,5.1,4.9,2.24,5.31,4.08,3.06,4.29,8.78,2.24,5.51,5.1,12.45,3.88,12.86,3.67,3.27,0.41,3.67,D1786,DNA
4.64,0.36,2.14,8.57,8.21,3.93,2.86,6.07,6.07,8.21,2.5,5.36,3.21,5.71,5.36,6.79,7.14,6.43,0.36,6.07,D1788,DNA
12.11,0.62,3.11,7.76,3.11,4.66,0.93,7.14,6.21,9.01,2.48,6.21,4.66,4.66,7.76,3.42,6.52,6.52,0.31,2.8,D1790,DNA
8.7,2.46,4.54,8.32,3.59,4.73,3.02,2.84,6.62,7.94,2.84,4.35,8.13,3.97,6.99,8.32,4.16,6.24,1.13,1.13,D1792,DNA
5,1,1,9,3,7,2,9,4,11,3,4,5,10,7,4,1,8,2,4,D1794,DNA
4.58,1.31,5.45,7.19,6.54,6.1,0.87,7.63,6.75,7.41,2.18,5.23,5.01,5.88,4.36,6.97,4.79,4.36,1.31,6.1,D1796,DNA
6.47,2.59,5.8,8.26,3.58,6.66,1.91,3.58,7.58,7.52,1.73,3.7,7.03,3.95,7.4,7.03,5.3,5.86,1.11,2.96,D1798,DNA
6.26,0.27,7.48,10.34,2.45,6.53,0.95,3.95,10.2,6.12,2.45,7.21,5.44,2.72,5.99,7.48,5.99,5.58,0.54,2.04,D1800,DNA
12.56,0.66,4.03,7.59,2.16,8.15,3.19,3.09,4.22,7.31,3.19,3.28,7.59,7.31,5.44,10.03,3.37,4.03,0.66,2.16,D1802,DNA
5,2.37,6.32,7.11,2.89,6.32,1.84,5,7.89,10,2.63,5,5.53,4.47,5,10.53,3.95,5,1.05,2.11,D1804,DNA
7.01,1.36,3.17,6.33,1.81,6.79,2.94,3.17,5.66,13.12,4.98,2.94,6.11,4.52,8.14,5.2,6.11,5.43,2.49,2.71,D1806,DNA
11.11,1.39,4.17,9.03,4.86,6.25,6.94,2.78,2.78,11.81,3.47,4.17,2.78,4.86,6.94,2.08,3.47,6.25,1.39,3.47,D1808,DNA
7.25,0.76,6.87,7.63,3.05,6.87,0.38,6.87,5.34,11.07,3.82,5.34,3.05,2.29,5.34,4.58,7.63,8.02,0.38,3.44,D1810,DNA
3.78,0.34,5.5,8.93,6.87,2.75,3.78,7.22,8.59,15.12,2.06,7.56,2.41,3.09,3.09,8.93,2.75,3.44,0,3.78,D1812,DNA
12.12,0,4.55,4.55,4.55,6.06,1.52,7.58,12.12,4.55,3.03,4.55,3.03,4.55,4.55,4.55,9.09,4.55,0,4.55,D1814,DNA
10.03,1.08,5.09,8.02,3.24,6.79,1.85,5.09,9.1,11.57,1.54,3.7,3.86,3.55,4.78,3.86,4.78,6.94,1.7,3.4,D1816,DNA
3.14,1.26,6.08,6.5,5.45,2.94,1.68,8.18,9.01,10.69,1.26,6.71,2.94,2.73,6.29,8.18,4.19,6.5,1.89,4.4,D1818,DNA
4.8,0,7.81,11.71,2.4,5.71,1.5,3.3,15.02,6.61,2.7,4.5,6.01,3,8.41,9.01,1.8,2.7,0.6,2.4,D1820,DNA
7.5,0,2.5,2.5,0,0,2.5,1.25,22.5,10,1.25,6.25,7.5,3.75,16.25,5,2.5,3.75,0,5,D1822,DNA
5.66,2.16,7.28,10.51,3.23,5.12,3.5,4.58,9.97,7.55,1.62,5.12,5.12,4.31,7.55,4.85,5.12,3.23,0.81,2.7,D1824,DNA
6.85,0,4.84,2.42,2.02,6.45,4.44,3.23,4.84,6.45,2.02,8.06,7.66,10.08,5.65,13.31,6.45,3.23,0,2.02,D1826,DNA
7.05,1.68,4.03,5.37,5.37,5.03,4.7,7.05,5.7,12.75,2.01,4.36,3.36,10.74,3.69,5.7,3.36,3.69,1.01,3.36,D1828,DNA
3.03,1.01,3.03,6.06,1.01,3.03,4.04,10.1,11.11,13.13,5.05,6.06,4.04,6.06,4.04,4.04,4.04,7.07,0,4.04,D1830,DNA
10.82,1.46,5.26,6.14,3.8,5.85,3.22,4.09,2.34,12.28,2.92,2.05,6.43,2.34,8.19,8.19,4.68,7.89,1.17,0.88,D1832,DNA
8.38,0.52,4.19,9.42,6.28,4.19,2.09,8.9,11.52,10.99,3.66,2.62,3.14,3.66,2.09,4.19,6.81,4.19,0.52,2.62,D1834,DNA
14.19,1.8,6.31,5.18,2.7,6.31,3.6,5.18,3.83,8.11,0.68,1.8,4.28,2.25,12.84,3.38,4.95,7.43,3.6,1.58,D1836,DNA
7.88,0.84,5.63,6.47,3.66,9.7,1.27,5.06,5.49,9.14,3.09,3.94,4.08,3.94,5.91,5.91,5.2,9.56,0.7,2.53,D1838,DNA
11.57,0,6.02,10.19,2.78,7.41,1.85,4.17,2.78,9.72,2.78,2.31,4.63,4.63,8.8,5.09,6.48,3.7,0.93,4.17,D1840,DNA
18.6,0.26,5.17,8.27,3.1,9.56,1.55,2.07,2.07,14.73,0.78,1.55,4.13,2.58,10.34,3.62,4.91,4.91,1.03,0.78,D1842,DNA
6.9,0.31,7.67,5.83,4.91,7.82,2.15,5.98,6.6,9.36,1.69,5.83,3.53,3.99,4.29,5.37,7.06,5.06,1.07,4.6,D1844,DNA
11.62,0.76,4.29,6.31,2.27,7.83,2.53,4.8,5.81,11.36,1.52,1.77,5.56,3.54,11.11,4.8,4.29,6.57,2.02,1.26,D1846,DNA
7.85,2.04,6.3,5.15,6.21,3.27,3.43,4.42,7.28,10.06,2.13,6.79,3.84,2.53,4.58,5.15,5.64,7.77,0.98,4.58,D1848,DNA
10.36,0.32,5.18,7.77,4.21,7.77,2.91,5.83,5.83,12.94,1.29,1.94,3.56,3.88,4.85,6.8,4.53,5.83,1.94,2.27,D1850,DNA
7.94,0.72,5.78,6.14,5.42,5.05,2.89,6.14,9.39,5.05,1.44,3.61,3.61,3.97,8.66,6.5,7.58,5.05,1.81,3.25,D1852,DNA
8.33,1.23,2.78,8.02,3.09,4.94,2.47,9.57,5.56,13.58,2.16,3.7,3.09,5.25,5.86,7.41,5.25,4.94,0.62,2.16,D1854,DNA
6.64,2.3,6.38,8.06,3.72,5.93,2.48,5.31,7.26,8.06,1.86,5.4,4.52,4.25,4.16,9.48,5.49,5.14,1.68,1.86,D1856,DNA
8.93,0.97,5.07,8.44,3.38,5.55,3.02,7.24,6.39,10.37,1.93,3.74,3.38,5.67,5.67,5.43,4.83,3.86,2.29,3.86,D1858,DNA
9.29,0.74,4.46,7.81,2.97,6.69,1.86,6.69,6.69,7.81,3.35,4.09,5.2,4.46,6.32,7.43,4.83,6.69,0.74,1.86,D1860,DNA
7.33,1.63,4.68,4.07,3.46,7.54,4.07,3.05,4.68,10.59,0.81,5.3,10.18,4.89,6.31,8.55,4.07,5.3,1.02,2.44,D1862,DNA
3.55,1.02,5.75,12.01,0.85,4.74,3.89,4.06,6.77,9.48,2.2,4.91,6.09,12.69,1.52,8.97,6.09,4.57,0.17,0.68,D1864,DNA
11.56,0.99,1.38,4.45,1.38,7.21,1.88,3.26,3.75,8.6,1.78,2.96,9.49,14.23,3.46,11.26,5.73,5.43,0.1,1.09,D1866,DNA
8.47,1.3,6.19,5.21,3.26,7.17,6.19,2.28,1.63,15.31,1.95,0.33,4.89,4.23,10.42,7.82,2.93,3.26,2.28,4.89,D1868,DNA
4.83,4.83,7.59,8.28,4.83,6.21,4.14,3.45,6.9,12.41,2.07,6.21,2.07,2.76,2.76,5.52,7.59,2.07,0,5.52,D1870,DNA
3.28,0.82,9.84,6.56,4.1,5.74,1.64,9.02,10.66,9.84,3.28,4.92,0.82,5.74,5.74,3.28,4.1,4.92,1.64,4.1,D1872,DNA
9.84,1.27,4.13,5.4,2.54,6.98,2.86,5.4,4.13,10.79,3.17,2.86,4.13,6.35,6.03,6.98,6.03,7.94,0.32,2.86,D1874,DNA
7.03,0.54,8.65,7.57,4.32,3.24,2.16,6.49,10.27,5.41,2.7,7.03,2.7,3.78,3.24,5.95,5.41,5.95,1.08,6.49,D1876,DNA
5.62,1.12,10.11,6.74,2.25,8.99,2.25,3.37,2.25,12.36,2.25,2.25,4.49,1.12,12.36,4.49,6.74,5.62,1.12,4.49,D1878,DNA
5.54,0.89,6.53,7.75,5.32,5.65,1.55,8.19,7.75,7.09,2.77,4.87,4.76,3.43,5.09,6.09,4.21,5.32,1.33,5.87,D1880,DNA
8.72,1.74,2.33,11.05,3.49,4.07,0,15.12,11.63,8.72,1.16,3.49,3.49,1.16,4.65,5.23,4.65,6.98,0,2.33,D1882,DNA
9.84,0,0,0,0,1.64,1.64,0,1.64,34.43,1.64,3.28,14.75,6.56,14.75,6.56,3.28,0,0,0,D1884,DNA
9.79,0.98,5.11,4.13,3.26,6.2,3.59,5.55,3.16,11.1,1.85,4.03,7.18,2.72,7.29,7.4,6.75,6.75,0.76,2.39,D1886,DNA
6.84,1.63,4.89,5.21,3.26,4.56,3.26,8.47,6.84,9.77,2.61,5.21,4.56,4.89,3.91,6.84,5.21,4.89,2.61,4.56,D1888,DNA
11.33,1.29,6.18,4.89,3.09,8.62,2.32,3.73,4.5,9.65,2.45,3.35,5.41,3.86,6.82,5.53,6.44,6.05,1.54,2.96,D1890,DNA
8.08,2.24,7.52,7.6,1.76,4.56,3.04,3.84,6.08,5.6,3.52,5.52,5.28,4.4,7.28,9.68,5.92,5.28,1.52,1.28,D1892,DNA
9.9,0.99,5.78,16.34,2.97,9.9,1.98,2.48,3.8,8.25,1.16,1.49,4.46,4.13,6.27,7.1,4.62,5.45,1.32,1.65,D1894,DNA
3.95,2.78,4.97,6.58,4.09,3.51,4.97,3.36,9.65,7.75,2.63,6.14,6.29,4.24,5.56,9.8,3.51,4.97,1.02,4.24,D1896,DNA
13.16,0.88,4.68,5.56,2.92,8.77,2.34,5.85,2.92,10.82,2.05,2.34,2.63,4.68,6.73,7.31,7.02,6.73,1.17,1.46,D1898,DNA
8.78,0.8,7.71,7.45,3.72,3.99,2.93,4.52,12.5,7.45,1.6,3.46,5.59,4.79,2.93,6.38,4.52,8.24,0.8,1.86,D1900,DNA
8.11,2.7,5.41,4.5,2.7,9.01,0.9,4.5,7.21,7.21,3.6,2.7,6.31,4.5,4.5,5.41,5.41,10.81,1.8,2.7,D1902,DNA
5.46,0.33,4.81,8.24,2.77,3.59,2.85,4.81,8.81,6.36,1.39,7.5,7.42,3.18,6.04,11.83,6.44,4.49,0.65,3.02,D1904,DNA
3.18,1.17,5.83,7.74,2.65,3.92,2.76,4.88,10.92,6.36,1.38,6.04,5.41,4.14,6.36,12.51,6.36,5.83,0.42,2.12,D1906,DNA
8.08,0.87,4.18,3.61,1.01,10.97,6.64,2.16,3.9,6.06,3.03,3.46,8.95,7.5,2.31,12.27,6.64,3.17,0.72,4.47,D1908,DNA
12.13,0.98,2.62,5.25,2.3,5.57,1.97,6.56,2.95,12.46,2.95,3.61,4.26,6.89,4.92,9.18,4.59,8.52,0.66,1.64,D1910,DNA
7.2,1.34,6.53,6.87,2.35,4.86,2.68,8.38,7.04,10.72,3.35,4.02,4.52,4.02,4.69,7.04,5.7,6.53,0.17,2.01,D1912,DNA
9.43,2.26,6.79,7.55,2.64,5.28,2.26,4.53,7.17,10.94,1.89,2.26,3.77,4.15,7.92,6.79,3.02,6.04,1.13,4.15,D1914,DNA
9.35,1.5,4.84,8.35,2.17,4.84,1.67,4.17,4.01,5.68,2.5,6.51,8.51,6.34,4.84,8.85,8.51,5.01,0.67,1.67,D1916,DNA
11.59,0,5.07,7.97,3.62,8.7,2.9,2.9,6.52,9.42,2.17,1.45,6.52,2.17,10.87,7.25,3.62,7.25,0,0,D1918,DNA
7.66,0.85,7.23,6.81,3.4,7.23,2.13,7.23,5.96,7.23,2.55,3.4,2.55,4.68,6.81,5.96,5.11,8.09,0.85,4.26,D1920,DNA
4.62,1.44,4.72,5.03,5.54,3.29,2.05,7.7,7.6,10.06,2.16,6.47,4.72,4.72,3.39,9.86,6.37,5.24,1.33,3.7,D1922,DNA
7.39,1.31,5.25,6.4,3.61,5.91,1.31,6.08,6.24,6.9,2.96,6.4,3.78,5.75,4.93,7.72,5.91,7.55,1.15,3.45,D1924,DNA
3.64,1.82,6.12,6.28,5.45,3.31,0.99,5.62,9.26,10.58,1.65,6.94,4.13,5.12,3.97,8.76,7.11,6.61,0.83,1.82,D1926,DNA
5.2,0.5,5.69,7.43,3.47,4.7,1.49,8.42,9.65,8.91,1.98,4.21,5.2,2.97,2.97,7.92,6.68,5.45,1.98,5.2,D1928,DNA
6.61,0.83,3.58,5.79,6.89,5.79,1.38,7.16,11.02,8.26,0.83,5.23,3.58,6.34,3.86,6.34,4.41,4.68,0.83,6.61,D1930,DNA
17.58,0.78,6.25,6.64,0.78,6.64,1.56,3.91,1.95,9.77,2.34,1.95,4.3,2.73,8.98,8.2,4.69,7.81,1.17,1.95,D1932,DNA
9.39,0.83,4.7,8.29,5.25,8.01,3.31,3.59,1.93,15.47,1.38,2.21,5.52,3.31,8.29,2.21,6.91,5.8,1.38,2.21,D1934,DNA
5.16,1.45,5.95,6.28,4.49,5.09,1.32,6.61,10.05,9.32,2.45,6.74,4.03,6.94,4.23,5.49,5.42,5.29,0.73,2.97,D1936,DNA
6.43,0.58,4.09,11.7,6.43,4.68,2.34,7.6,9.94,8.19,4.09,7.02,0.58,5.85,1.75,7.02,4.09,2.92,1.17,3.51,D1938,DNA
5.4,0.36,5.04,10.07,4.32,2.88,1.44,9.71,8.27,8.63,2.88,2.88,4.32,4.32,4.32,7.19,5.76,4.32,0,7.91,D1940,DNA
6.9,0.8,4.24,4.51,6.37,4.51,3.18,3.98,5.57,10.08,2.12,3.71,3.45,5.57,8.49,6.37,6.37,8.22,1.59,3.98,D1942,DNA
4.84,1.61,4.84,4.03,3.23,8.87,2.42,8.06,6.45,16.13,2.42,5.65,1.61,8.06,4.84,5.65,5.65,3.23,0,2.42,D1944,DNA
7.53,0,7.88,13.01,1.03,4.79,1.03,4.45,12.33,6.85,1.71,9.59,4.79,3.08,6.51,8.22,2.74,2.05,0,2.4,D1946,DNA
6.81,2.39,4.37,8.73,2.79,4.25,2.56,3.2,8.79,7.28,1.57,4.42,9.37,4.13,4.13,12.05,5.65,5.3,0.7,1.51,D1948,DNA
1.91,0.32,5.73,4.46,5.73,3.82,4.14,10.19,9.87,9.24,1.91,5.1,2.87,2.87,6.05,5.73,7.64,7.01,0.32,5.1,D1950,DNA
4.54,1.08,7.13,7.13,2.81,12.1,0.86,7.56,4.75,6.26,2.59,2.59,8.86,4.54,7.78,6.91,5.18,3.02,0.65,3.67,D1952,DNA
8.77,0.65,8.44,10.71,1.95,6.17,0.65,5.52,10.39,3.9,1.95,2.92,5.19,3.25,3.25,8.12,9.42,4.87,0.65,3.25,D1954,DNA
5.77,0.96,2.56,7.69,4.81,5.77,0.64,6.73,5.13,10.26,3.21,4.49,3.85,4.17,3.85,9.94,7.37,9.29,0.64,2.88,D1956,DNA
5.56,1.39,6.94,8.33,2.78,0,1.39,5.56,9.72,12.5,4.17,4.17,2.78,1.39,8.33,6.94,6.94,4.17,1.39,5.56,D1958,DNA
7.87,0,10.11,13.48,5.62,4.49,3.37,6.74,12.36,8.99,3.37,3.37,0,0,4.49,3.37,2.25,6.74,0,3.37,D1960,DNA
14.98,2.64,3.52,7.93,2.64,6.17,3.52,5.29,3.96,12.33,1.76,0.88,2.64,3.96,5.29,8.37,4.85,6.61,0.88,1.76,D1962,DNA
6.66,4.52,5.71,8.92,3.09,5.71,1.66,2.85,4.64,8.32,2.14,3.21,7.97,5.11,5.95,10.94,5.35,4.76,0.36,2.14,D1964,DNA
11.44,1.31,4.5,7.5,4.32,8.26,1.31,3.94,2.81,6.75,3.56,3.75,3.75,5.25,7.88,8.07,4.69,4.88,2.44,3.56,D1966,DNA
6.98,1.55,3.1,9.3,1.55,7.75,0,6.2,11.63,11.63,1.55,9.3,6.98,6.2,0,6.2,3.1,3.1,1.55,2.33,D1968,DNA
12.75,1.82,2.55,2.73,0.73,8.38,10.2,2.55,2,5.1,2.37,3.46,8.38,4.19,4.74,13.84,6.92,4.55,0.36,2.37,D1970,DNA
11.43,2.04,5.71,4.9,3.27,4.08,1.22,2.04,3.67,8.16,1.22,3.67,11.84,10.2,4.9,6.12,4.9,6.94,0.82,2.86,D1972,DNA
5.47,1.53,5.47,6.56,6.35,3.5,1.31,13.57,9.63,8.32,0.66,11.6,1.53,3.72,2.84,6.35,3.72,3.72,0.66,3.5,D1974,DNA
9.66,2.57,4.43,5.41,4.08,8.07,1.77,3.28,3.72,9.93,1.68,4.17,6.12,4.17,5.67,7.36,5.59,7.27,0.71,4.34,D1976,DNA
6.24,3.31,5.35,6.37,5.1,6.62,2.42,2.55,6.37,10.83,1.91,3.95,6.62,4.97,4.97,8.41,5.1,4.46,1.4,3.06,D1978,DNA
5.62,0,5.06,7.58,3.65,2.81,1.4,4.78,7.87,11.8,1.12,5.06,2.53,3.65,7.3,7.87,7.87,7.3,0.28,6.46,D1980,DNA
3.16,0.92,5.74,4.66,6.16,4.24,1.75,9.57,11.31,9.32,2,8.65,3.91,1.66,2.58,7.32,6.82,4.83,0.58,4.83,D1982,DNA
4.99,0.46,6.16,8.71,7.08,3.48,0.93,8.01,6.04,10.57,1.39,8.13,3.95,3.02,4.41,6.04,5.46,5.69,1.28,4.18,D1984,DNA
7.84,9.15,3.27,6.54,4.58,1.96,1.96,3.27,6.54,13.07,3.92,2.61,3.27,3.92,6.54,5.88,5.88,6.54,0.65,2.61,D1986,DNA
8.86,0,6.33,6.96,2.53,5.7,1.9,7.59,10.13,7.59,1.9,4.43,5.06,2.53,3.8,8.86,4.43,5.7,2.53,3.16,D1988,DNA
7.04,2.06,5.42,8.31,4.42,4.94,2.67,5.38,5.82,9.84,2.45,3.37,4.77,4.46,6.3,6.87,4.24,6.56,1.44,3.63,D1990,DNA
16.06,3.21,6.43,3.61,3.21,5.62,1.61,1.2,1.61,13.25,2.41,0.4,4.42,2.01,11.24,6.83,6.43,8.43,0,2.01,D1992,DNA
3.32,2.11,4.83,7.55,4.83,2.72,1.51,6.04,7.25,7.55,3.32,5.44,5.74,5.74,3.93,11.18,4.83,4.23,0.91,6.95,D1994,DNA
5.98,2.23,4.59,9.46,4.03,4.59,0.83,7.37,12.1,8.07,2.92,6.4,2.78,4.45,3.2,6.4,4.17,5.84,0.83,3.76,D1996,DNA
4.93,0.9,7.62,10.76,4.04,3.59,1.35,8.52,8.07,11.66,2.24,4.04,1.35,4.93,7.17,6.73,3.14,4.93,0,4.04,D1998,DNA
9.93,1.39,6,6.7,3.93,8.78,1.39,6.24,8.78,8.31,1.85,5.54,3.7,2.54,3.93,6,4.16,7.62,0.69,2.54,D2000,DNA
8.26,0.43,5.22,9.13,0.43,6.09,3.48,5.22,3.04,10.87,3.04,3.91,6.09,1.74,8.26,3.91,7.39,11.74,0.87,0.87,D2002,DNA
3.93,3.32,4.83,7.85,4.53,5.74,3.32,3.93,3.93,12.39,1.81,4.53,5.44,2.11,7.55,9.37,5.14,5.14,0.91,4.23,D2004,DNA
2.8,0,6.54,7.48,3.74,4.67,1.87,9.35,12.15,14.02,1.87,4.67,2.8,1.87,3.74,6.54,4.67,6.54,0,4.67,D2006,DNA
8.6,1.98,5.29,7.6,3.31,5.45,2.81,3.97,5.12,9.09,2.81,3.14,8.76,2.64,6.45,9.09,5.95,5.45,0.83,1.65,D2008,DNA
13.46,0.96,5.77,4.81,3.85,3.85,1.92,4.81,2.88,8.65,1.92,3.85,6.73,6.73,8.65,6.73,3.85,7.69,0.96,1.92,D2010,DNA
9.82,2.78,6.94,6.65,6.15,4.76,1.88,3.87,4.96,9.03,2.28,4.27,3.67,0.79,8.13,6.05,4.66,8.83,0.6,3.87,D2012,DNA
5.67,2.06,3.61,10.31,7.73,2.06,2.06,6.19,7.22,12.89,2.58,5.67,1.55,7.22,3.61,7.73,5.15,2.58,1.55,2.58,D2014,DNA
9.09,2.12,4.85,8.79,1.82,8.48,1.82,0.61,1.52,13.94,1.21,0.61,4.55,5.45,13.64,10.61,2.73,4.85,0.91,2.42,D2016,DNA
7.51,0.24,2.18,3.63,2.42,1.94,2.91,1.69,3.63,5.57,1.94,5.33,10.41,7.99,3.39,20.1,8.96,5.33,0.48,4.36,D2018,DNA
8,2.48,5.12,6.4,3.28,10.08,1.44,4,7.2,6.24,1.76,4.32,6.56,4.32,5.52,7.44,6.48,5.2,1.68,2.48,D2020,DNA
4.08,6.12,7.14,6.12,0,12.24,8.16,0,0,8.16,1.02,3.06,5.1,8.16,11.22,7.14,2.04,8.16,0,2.04,D2022,DNA
8.43,2.41,4.52,4.82,2.71,6.02,3.01,3.31,5.72,6.93,1.81,7.23,6.02,4.82,4.52,14.16,6.33,2.71,0.3,4.22,D2024,DNA
